%YAML:1.0
description: "angry"
samples:
   - !!opencv-matrix
      rows: 198
      cols: 1
      dt: d
      data: [ -2.1212099772344814e+001, -2.0592034611297620e+001,
          -1.9642084116237065e+001, -1.8441313914421183e+001,
          -1.6623888446601743e+001, -1.3418961161649893e+001,
          -9.0092209018631895e+000, -3.8914544496977697e+000,
          1.5087307545653115e+000, 6.8723845642203134e+000,
          1.1673014677434489e+001, 1.5580692562652741e+001,
          1.8201729567159223e+001, 1.9422423497814556e+001,
          1.9921256704066064e+001, 2.0081495097744156e+001,
          1.9865616415741812e+001, -1.8145754027754144e+001,
          -1.5726049443294793e+001, -1.2507633418261856e+001,
          -9.1448038906919358e+000, -5.8736064370400651e+000,
          3.8858494903333263e+000, 6.8773870455605071e+000,
          1.0053956413747697e+001, 1.3245301410125798e+001,
          1.5876477431562238e+001, -6.8116892883450941e-001,
          -4.8663560424844765e-001, -2.9599187794993703e-001,
          -1.0880503575963286e-001, -3.3889714065518795e+000,
          -1.6179862918330434e+000, 2.4199636738460600e-001,
          2.0122194431692466e+000, 3.6405066849496368e+000,
          -1.4415219535574312e+001, -1.2229954341278710e+001,
          -9.6503587176893912e+000, -7.2463073289228319e+000,
          -9.5588446350897165e+000, -1.2034929672415076e+001,
          5.8163032994934261e+000, 8.0822302919071269e+000,
          1.0662958319980472e+001, 1.2973848081579080e+001,
          1.0671735133587127e+001, 8.1899177942072594e+000,
          -6.2307417084091758e+000, -4.5320136480023860e+000,
          -2.2363958735177492e+000, 4.1249428684473310e-001,
          3.0094292148529904e+000, 5.4484016195392453e+000,
          7.3607632778628638e+000, 5.5003741549184690e+000,
          3.2300905487743448e+000, 7.7989755024175711e-001,
          -1.7034375569936104e+000, -4.1104492854261405e+000,
          -1.9752808547019027e+000, 5.7413331811673762e-001,
          3.0879726319541927e+000, 3.0820063011248227e+000,
          6.0448987708431112e-001, -1.9108473746017125e+000,
          -6.2564251081365994e+000, -7.5252810267474213e-001,
          4.7219925316466975e+000, 9.9666027169500264e+000,
          1.4732165751284899e+001, 1.8586363511725477e+001,
          2.1260326276426319e+001, 2.2653115522202736e+001,
          2.2633784592364709e+001, 2.1799023046913582e+001,
          1.9531456834315495e+001, 1.6137895851581742e+001,
          1.1836562379135154e+001, 6.9436965902689511e+000,
          1.7310187412098617e+000, -3.6634497631974665e+000,
          -9.0448390205259663e+000, -1.2867023937646550e+001,
          -1.5231774240690378e+001, -1.6247867222776645e+001,
          -1.6207023427334196e+001, -1.5533409696656092e+001,
          -1.6222215802693228e+001, -1.7290302664588719e+001,
          -1.7782659779659227e+001, -1.7290331159170645e+001,
          -1.5395835411181904e+001, -1.2046429294884572e+001,
          -9.1459215053487934e+000, -6.2668407085409275e+000,
          -3.3917541840570782e+000, 6.6020792528372707e-001,
          1.1103033671385663e+000, 1.2056917285512834e+000,
          8.7008532633463775e-001, 1.9271715867812553e-001,
          -8.4759949168214952e+000, -9.7230844769843365e+000,
          -1.0082821036873501e+001, -9.4612794623955772e+000,
          -8.6541236960558603e+000, -8.2795690252939735e+000,
          -1.0355454495149480e+001, -1.1279414439046009e+001,
          -1.1318293326063367e+001, -1.0375399860947315e+001,
          -9.8352230567122430e+000, -9.8764515851179624e+000,
          8.5661379288680859e+000, 6.2532806852095337e+000,
          4.6629728756447868e+000, 4.5915540975432645e+000,
          4.2985682913765704e+000, 5.5490157899303627e+000,
          7.6434794512547537e+000, 9.0120878649911340e+000,
          9.7454316530353946e+000, 9.9619317156942451e+000,
          1.0071956318183984e+001, 9.6609093524178107e+000,
          6.9934490209199138e+000, 6.7578820658763696e+000,
          6.6599828038050939e+000, 6.9594980208484944e+000,
          7.0920734600420774e+000, 7.3006349046142480e+000,
          2.1722075665310776e+001, 2.1319918754691386e+001,
          2.1002857336885278e+001, 1.8663457754497628e+001,
          1.3680379178857926e+001, 7.9613505217425908e+000,
          3.4087914875448102e+000, -8.0147601070136976e-001,
          -4.6683830543102358e+000, -6.7965488390941520e-001,
          3.5796360343254321e+000, 8.1567763184752362e+000,
          1.3856028533504848e+001, 1.8806548685688313e+001,
          2.1132208590774045e+001, 2.1418731331411429e+001,
          2.1786346633291860e+001, -2.3814967062153025e-002,
          -1.6197284183524348e+000, -3.0192203740023942e+000,
          -4.4385477624995255e+000, -5.7737046717391634e+000,
          -5.7327165967994294e+000, -4.3479775668818696e+000,
          -2.8764523828070985e+000, -1.4099579804805453e+000,
          2.3656610466785366e-001, -4.9833623341068822e+000,
          -7.7975924279677971e+000, -1.0712480574414105e+001,
          -1.3553944439652659e+001, -6.3842278622884683e+000,
          -7.3317414125877383e+000, -8.1863006256518265e+000,
          -7.2751275333929089e+000, -6.3156814809381698e+000,
          -9.4554077546796700e-001, -1.1874587882699403e+000,
          -1.3097228906100788e+000, -1.3298195754662481e+000,
          -1.3664168657039002e+000, -1.1967681842667353e+000,
          -1.2467925968313105e+000, -1.1913733026624722e+000,
          -1.0387331886128213e+000, -7.7135957671928379e-001,
          -1.0458113118350052e+000, -1.2424199509774954e+000,
          -2.8924518380922328e+000, -4.8398400017363450e+000,
          -6.5453824918130294e+000, -8.2280320687296697e+000,
          -6.4664467746274807e+000, -4.7326947398629935e+000,
          -2.7551455237575784e+000, -3.8033983510062690e+000,
          -5.3245900324762534e+000, -6.8221130357444455e+000,
          -5.3996345677266406e+000, -3.8990162775861128e+000,
          -5.2883571242547465e+000, -7.2752301403372392e+000,
          -5.1476899813960451e+000, -4.4908763589697989e+000,
          -6.3967834610096270e+000, -4.6195708666894433e+000 ]
